     0/199     2.19G   0.07965   0.08531   0.03004     0.195       539       640     0.453    0.1427    0.1078    0.0437   0.05656    0.0836   0.01779
     1/199     3.19G   0.05966   0.07891   0.01595    0.1545       433       640    0.5434    0.2347    0.1823   0.07735   0.04975   0.07965   0.01361
     2/199     3.19G   0.05534    0.0781   0.01379    0.1472       426       640    0.5497    0.2442    0.2276   0.09523   0.04752   0.07982   0.01221
     3/199     3.19G   0.05155   0.07739   0.01244    0.1414       500       640    0.5664    0.2701    0.2569    0.1096   0.04591   0.07772   0.01079
     4/199     3.19G   0.04917   0.07577   0.01147    0.1364       415       640     0.603    0.2914    0.2719    0.1173   0.04471   0.07651    0.0101
     5/199     3.19G   0.04792   0.07474   0.01106    0.1337       599       640    0.6099    0.3031    0.2909     0.128    0.0441   0.07538  0.009657
     6/199     3.19G   0.04744   0.07434    0.0106    0.1324       634       640    0.6127    0.3044    0.3021    0.1355   0.04374   0.07554   0.00933
     7/199     3.19G   0.04666   0.07342   0.01025    0.1303       365       640    0.6433    0.3087    0.3191    0.1448   0.04321   0.07474  0.008964
     8/199     3.19G   0.04623   0.07308   0.00992    0.1292       422       640    0.5669    0.3429    0.3283    0.1496   0.04308    0.0743  0.008818
     9/199     3.19G    0.0459   0.07268  0.009684    0.1283       487       640    0.6303    0.3185    0.3366    0.1543    0.0428    0.0739   0.00853
    10/199     3.19G   0.04555   0.07238  0.009449    0.1274       504       640    0.6155    0.3431    0.3394    0.1589   0.04247   0.07368  0.008501
    11/199     3.19G   0.04532   0.07212  0.009396    0.1268       476       640    0.6275    0.3365    0.3501    0.1649   0.04226   0.07333  0.008338
    12/199     3.19G    0.0452   0.07178  0.009202    0.1262       509       640    0.6445     0.344    0.3538    0.1653   0.04208   0.07299  0.008227
    13/199     3.19G   0.04493   0.07153  0.009014    0.1255       443       640    0.6502    0.3469    0.3614    0.1684   0.04196   0.07293  0.008122
    14/199     3.19G   0.04486   0.07162  0.008972    0.1255       471       640    0.6042    0.3662    0.3639    0.1698   0.04184   0.07278  0.008058
    15/199     3.19G    0.0446   0.07133  0.008867    0.1248       515       640    0.6463    0.3475    0.3628    0.1713   0.04166   0.07262   0.00801
    16/199     3.19G   0.04462   0.07186  0.008901    0.1254       372       640    0.6462    0.3624    0.3756    0.1765   0.04146   0.07241  0.007922
    17/199     3.19G   0.04442   0.07143  0.008846    0.1247       462       640    0.6335    0.3688     0.374    0.1767   0.04137    0.0722  0.007835
    18/199     3.19G   0.04436   0.07108  0.008684    0.1241       473       640    0.6472    0.3721    0.3804     0.181   0.04123   0.07217  0.007749
    19/199     3.19G    0.0442   0.07082   0.00858    0.1236       520       640    0.7091    0.3355    0.3769    0.1776    0.0412   0.07198  0.007734
    20/199     3.19G   0.04404   0.07073  0.008448    0.1232       489       640    0.6201    0.3807    0.3796    0.1815   0.04105   0.07175  0.007682
    21/199     3.19G   0.04392   0.07069  0.008506    0.1231       431       640    0.6258    0.3807    0.3826    0.1829   0.04095    0.0716  0.007554
    22/199     3.19G   0.04378   0.07067  0.008435    0.1229       500       640    0.6639    0.3657    0.3836    0.1827   0.04085   0.07155  0.007587
    23/199     3.19G   0.04393   0.07034  0.008438    0.1227       379       640    0.6593    0.3701    0.3865    0.1848   0.04079    0.0714   0.00756
    24/199     3.19G   0.04368   0.07042  0.008328    0.1224       548       640    0.6424    0.3833    0.3896    0.1881    0.0407   0.07135  0.007503
    25/199     3.19G   0.04373   0.07072  0.008263    0.1227       463       640    0.6729    0.3712    0.3914    0.1881   0.04063   0.07127  0.007423
    26/199     3.19G   0.04364   0.06986  0.008201    0.1217       398       640    0.6839    0.3635    0.3933    0.1888   0.04056   0.07123  0.007412
    27/199     3.19G   0.04355   0.07031  0.008162     0.122       440       640    0.6746    0.3724    0.3962    0.1903   0.04045   0.07104  0.007384
    28/199     3.19G   0.04348   0.07041  0.008147     0.122       570       640    0.7071    0.3558    0.3964    0.1902   0.04041   0.07095  0.007374
    29/199     3.19G   0.04338   0.07027   0.00812    0.1218       567       640    0.6513    0.3806    0.3955    0.1905   0.04037   0.07088  0.007345
    30/199     3.19G   0.04339   0.07017  0.008104    0.1217       526       640    0.6922    0.3634    0.3998    0.1927   0.04033   0.07081  0.007297
    31/199     3.19G   0.04328   0.06994  0.008098    0.1213       408       640    0.6531     0.386    0.4017    0.1934   0.04029   0.07077  0.007266
    32/199     3.19G    0.0433   0.06993  0.008102    0.1213       575       640    0.6789    0.3735    0.4023    0.1933   0.04025   0.07067  0.007283
    33/199     3.19G   0.04325   0.07001  0.008063    0.1213       400       640    0.6393    0.3968    0.4052    0.1946   0.04021   0.07062  0.007235
    34/199     3.19G   0.04295   0.06952  0.007959    0.1204       516       640    0.6555    0.3871    0.4049    0.1951   0.04014   0.07053  0.007197
    35/199     3.19G   0.04308   0.06958  0.007916    0.1206       606       640    0.6642    0.3867     0.407    0.1951    0.0401   0.07049  0.007197
    36/199     3.19G   0.04308   0.07018  0.007953    0.1212       583       640    0.6718    0.3825    0.4071    0.1961   0.04006   0.07046  0.007181
    37/199     3.19G   0.04299   0.06982  0.007912    0.1207       491       640    0.6663    0.3842    0.4079    0.1964   0.04004   0.07041  0.007166
    38/199     3.19G   0.04295   0.06958  0.007882    0.1204       397       640    0.6719    0.3835    0.4091    0.1959   0.04001   0.07044  0.007163
    39/199     3.19G   0.04286   0.06918  0.007927      0.12       382       640     0.696    0.3748    0.4109    0.1971   0.03998   0.07041  0.007154
    40/199     3.19G    0.0429   0.06934  0.007815    0.1201       444       640    0.6938    0.3766    0.4131    0.1981   0.03995   0.07039  0.007132
    41/199     3.19G   0.04281   0.06944  0.007793      0.12       378       640     0.659    0.3936    0.4124    0.1987   0.03991   0.07034  0.007117
    42/199     3.19G   0.04282   0.06913  0.007805    0.1198       437       640    0.6875    0.3806    0.4132    0.1991   0.03987   0.07029  0.007099
    43/199     3.19G   0.04273   0.06913  0.007735    0.1196       505       640    0.6713    0.3856    0.4119    0.2004   0.03984   0.07026  0.007098
    44/199     3.19G   0.04278   0.06912  0.007709    0.1196       580       640    0.6751    0.3881    0.4135    0.2011   0.03982   0.07023  0.007083
    45/199     3.19G   0.04267   0.06911  0.007633    0.1194       420       640    0.6522    0.4022    0.4158    0.2012    0.0398   0.07019  0.007069
    46/199     3.19G   0.04265   0.06915  0.007713    0.1195       438       640     0.666    0.3952    0.4153    0.2018   0.03978   0.07015   0.00706
    47/199     3.19G   0.04264   0.06908  0.007671    0.1194       394       640    0.6679    0.3968    0.4163     0.202   0.03976   0.07013   0.00706
    48/199     3.19G   0.04254   0.06896  0.007625    0.1191       490       640    0.6838    0.3871    0.4157    0.2021   0.03974   0.07009  0.007046
    49/199     3.19G   0.04254   0.06883  0.007552    0.1189       430       640    0.6725     0.394     0.417    0.2027   0.03973   0.07006  0.007034
    50/199     3.19G    0.0425   0.06892   0.00754     0.119       399       640    0.6735    0.3967    0.4178    0.2028   0.03972   0.07004  0.007029
    51/199     3.19G   0.04247   0.06882   0.00757    0.1189       562       640      0.69      0.39    0.4181    0.2032    0.0397   0.07003  0.007017
    52/199     3.19G   0.04249   0.06888  0.007524    0.1189       493       640     0.691    0.3895    0.4189     0.203   0.03969   0.07001  0.007008
    53/199     3.19G   0.04241   0.06899  0.007562     0.119       435       640    0.6874     0.392    0.4184    0.2028   0.03968      0.07  0.007002
    54/199     3.19G   0.04233    0.0684   0.00758    0.1183       487       640    0.7081     0.384    0.4195    0.2032   0.03967   0.06998  0.006997
    55/199     3.19G    0.0424   0.06854  0.007436    0.1184       577       640    0.6938    0.3905    0.4201    0.2032   0.03966   0.06998  0.006992
    56/199     3.19G   0.04223    0.0688   0.00747    0.1185       374       640    0.6916    0.3921    0.4211    0.2033   0.03964   0.06996  0.006991
    57/199     3.19G   0.04224   0.06862  0.007512    0.1184       526       640    0.6904    0.3899    0.4207    0.2035   0.03963   0.06995   0.00699
    58/199     3.19G   0.04222   0.06883  0.007432    0.1185       462       640    0.6956    0.3869    0.4213    0.2037   0.03962   0.06994   0.00699
    59/199     3.19G   0.04218   0.06823  0.007453    0.1179       438       640    0.6663    0.4024    0.4216    0.2037   0.03961   0.06993  0.006987
    60/199     3.19G   0.04216   0.06817  0.007466    0.1178       483       640    0.6734    0.3992    0.4222    0.2039    0.0396   0.06992  0.006983
    61/199     3.19G   0.04205   0.06831  0.007366    0.1177       469       640    0.6658    0.4037    0.4223    0.2039   0.03959   0.06991  0.006979
    62/199     3.19G   0.04205    0.0683  0.007327    0.1177       300       640    0.7058    0.3857    0.4239     0.204   0.03959    0.0699  0.006973
    63/199     3.19G   0.04213   0.06851  0.007299    0.1179       429       640     0.707    0.3843    0.4239    0.2042   0.03958   0.06988  0.006969
    64/199     3.19G   0.04207   0.06836  0.007316    0.1177       531       640    0.6708    0.4029    0.4244    0.2046   0.03957   0.06987  0.006965
    65/199     3.19G   0.04197   0.06852  0.007246    0.1177       436       640    0.6679    0.4042    0.4247    0.2047   0.03956   0.06987  0.006963
    66/199     3.19G   0.04198   0.06822  0.007237    0.1174       531       640    0.6792    0.3979    0.4247    0.2047   0.03955   0.06986  0.006962
    67/199     3.19G   0.04203   0.06836  0.007224    0.1176       407       640    0.6776    0.3996    0.4247    0.2048   0.03955   0.06985  0.006962
    68/199     3.19G   0.04194   0.06786  0.007195     0.117       619       640    0.6747     0.402    0.4252    0.2048   0.03954   0.06984  0.006962
    69/199     3.19G   0.04184   0.06838  0.007237    0.1175       507       640    0.7049     0.386    0.4254    0.2049   0.03953   0.06983   0.00696
    70/199     3.19G    0.0419   0.06787  0.007276     0.117       424       640    0.6803    0.3982    0.4256    0.2052   0.03953   0.06982  0.006958
    71/199     3.19G   0.04186   0.06791  0.007184    0.1169       546       640    0.6804    0.3981    0.4259    0.2052   0.03952   0.06981  0.006955
    72/199     3.19G   0.04187   0.06813  0.007171    0.1172       519       640    0.6847    0.3966    0.4261    0.2055   0.03952    0.0698  0.006953
    73/199     3.19G   0.04175   0.06786  0.007167    0.1168       416       640    0.6809    0.3979    0.4258    0.2054   0.03951   0.06978   0.00695
    74/199     3.19G   0.04182   0.06751  0.007052    0.1164       362       640    0.6801    0.3985    0.4259    0.2055    0.0395   0.06978  0.006947
    75/199     3.19G   0.04168   0.06769  0.007201    0.1166       513       640    0.6755    0.4013     0.426    0.2058    0.0395   0.06977  0.006945
    76/199     3.19G   0.04172   0.06789  0.007079    0.1167       666       640    0.6748    0.4014    0.4262    0.2057   0.03949   0.06975  0.006944
    77/199     3.19G   0.04169   0.06765  0.007035    0.1164       278       640    0.6824    0.3976    0.4268     0.206   0.03949   0.06974  0.006944
    78/199     3.19G   0.04162   0.06758  0.007079    0.1163       323       640    0.6626    0.4095    0.4279    0.2061   0.03948   0.06973  0.006942
    79/199     3.19G   0.04165   0.06753  0.006907    0.1161       479       640    0.6629    0.4087    0.4283    0.2062   0.03947   0.06972  0.006939
    80/199     3.19G   0.04157   0.06745  0.007009     0.116       380       640    0.6614    0.4077    0.4278    0.2061   0.03947   0.06971  0.006937
    81/199     3.19G   0.04149   0.06752  0.006988     0.116       406       640    0.6717    0.4027    0.4276    0.2061   0.03946    0.0697  0.006935
    82/199     3.19G   0.04142   0.06744  0.006973    0.1158       377       640    0.6726    0.4021    0.4274    0.2063   0.03946   0.06969  0.006934
    83/199     3.19G   0.04146   0.06746    0.0069    0.1158       453       640    0.6818     0.399    0.4279    0.2062   0.03945   0.06968  0.006935
    84/199     3.19G   0.04145   0.06712  0.006942    0.1155       395       640    0.6675    0.4048    0.4293    0.2064   0.03945   0.06968  0.006934
    85/199     3.19G   0.04141   0.06748  0.006846    0.1157       427       640    0.6739    0.4008    0.4289    0.2064   0.03945   0.06968  0.006933
    86/199     3.19G   0.04135   0.06731  0.006881    0.1155       402       640     0.674    0.3995    0.4288    0.2068   0.03944   0.06967  0.006931
    87/199     3.19G   0.04141   0.06736  0.006933    0.1157       421       640    0.6754    0.3981    0.4293    0.2071   0.03944   0.06966  0.006931
    88/199     3.19G   0.04138   0.06741  0.006854    0.1156       477       640    0.6745    0.3967    0.4285     0.207   0.03943   0.06966   0.00693
    89/199     3.19G   0.04128   0.06723  0.006918    0.1154       463       640    0.6691     0.398    0.4288     0.207   0.03943   0.06965   0.00693
    90/199     3.19G   0.04122   0.06713  0.006851    0.1152       543       640     0.672     0.396    0.4288    0.2072   0.03942   0.06965  0.006929
    91/199     3.19G   0.04124   0.06736  0.006784    0.1154       516       640    0.6773    0.3944    0.4294    0.2072   0.03942   0.06964  0.006929
    92/199     3.19G   0.04123   0.06715  0.006852    0.1152       352       640     0.662    0.3999    0.4295    0.2072   0.03941   0.06963   0.00693
    93/199     3.19G   0.04125   0.06698  0.006777     0.115       466       640    0.6717    0.3957    0.4298    0.2073   0.03941   0.06962  0.006929
    94/199     3.19G    0.0412     0.067  0.006794     0.115       254       640    0.6623    0.4005    0.4306    0.2076   0.03941   0.06962  0.006929
    95/199     3.19G   0.04111   0.06685  0.006781    0.1147       381       640    0.6559    0.4024    0.4309    0.2076    0.0394   0.06961  0.006929
    96/199     3.19G   0.04113   0.06699  0.006694    0.1148       492       640    0.6562    0.4024    0.4309    0.2075    0.0394    0.0696   0.00693
    97/199     3.19G    0.0411   0.06692  0.006723    0.1147       401       640     0.658    0.4012    0.4312    0.2079    0.0394   0.06959   0.00693
    98/199     3.19G   0.04103   0.06676   0.00669    0.1145       411       640    0.6526    0.4033    0.4318    0.2079   0.03939   0.06959  0.006931
    99/199     3.19G   0.04104   0.06666  0.006654    0.1144       578       640    0.6544    0.4012    0.4317    0.2081   0.03939   0.06959  0.006931
   100/199     3.19G   0.04106   0.06717  0.006632    0.1149       590       640    0.6564    0.4011    0.4315    0.2081   0.03938   0.06958  0.006931
   101/199     3.19G   0.04093   0.06663  0.006695    0.1143       360       640    0.6544     0.402    0.4316    0.2083   0.03938   0.06958  0.006931
   102/199     3.19G   0.04096   0.06681  0.006622    0.1144       422       640    0.6686     0.395    0.4317    0.2084   0.03938   0.06958   0.00693
   103/199     3.19G   0.04092   0.06663  0.006632    0.1142       543       640    0.6918    0.4015    0.4321    0.2085   0.03938   0.06958   0.00693
   104/199     3.19G   0.04081    0.0666  0.006558     0.114       666       640    0.6973    0.3983     0.432    0.2083   0.03938   0.06957  0.006931
   105/199     3.19G   0.04083   0.06598  0.006565    0.1134       375       640    0.6952       0.4    0.4323    0.2082   0.03937   0.06957  0.006931
   106/199     3.19G   0.04083   0.06669  0.006535    0.1141       514       640    0.6975    0.3988    0.4331    0.2082   0.03937   0.06956  0.006932
   107/199     3.19G   0.04073   0.06625  0.006442    0.1134       387       640    0.6461    0.4182    0.4341    0.2083   0.03937   0.06956  0.006932
   108/199     3.19G   0.04075   0.06635  0.006483    0.1136       333       640    0.7181    0.3889    0.4332    0.2082   0.03937   0.06956  0.006932
   109/199     3.19G   0.04078   0.06637  0.006447    0.1136       352       640    0.7253    0.3868    0.4329    0.2085   0.03936   0.06956  0.006932
   110/199     3.19G   0.04062   0.06609  0.006449    0.1132       303       640     0.724    0.3862    0.4333    0.2086   0.03936   0.06956  0.006933
   111/199     3.19G   0.04056   0.06608   0.00645    0.1131       490       640    0.6666    0.4107    0.4346    0.2088   0.03936   0.06955  0.006935
   112/199     3.19G   0.04061   0.06626  0.006403    0.1133       412       640    0.6819    0.4056    0.4345    0.2089   0.03936   0.06955  0.006937
   113/199     3.19G    0.0406     0.066  0.006407     0.113       539       640     0.678    0.4053    0.4347     0.209   0.03936   0.06955  0.006939
   114/199     3.19G   0.04054    0.0659  0.006434    0.1129       465       640    0.7037    0.3955    0.4344     0.209   0.03935   0.06954   0.00694
   115/199     3.19G   0.04055   0.06629  0.006399    0.1132       337       640    0.7182    0.3913    0.4345     0.209   0.03935   0.06954  0.006942
   116/199     3.19G   0.04043   0.06585  0.006323    0.1126       503       640    0.7192    0.3919    0.4349    0.2092   0.03934   0.06954  0.006945
   117/199     3.19G   0.04043   0.06576  0.006282    0.1125       636       640    0.7149    0.3912    0.4349     0.209   0.03934   0.06953  0.006946
   118/199     3.19G   0.04041     0.066  0.006253    0.1127       406       640    0.7015     0.392    0.4349     0.209   0.03934   0.06953  0.006949
   119/199     3.19G   0.04038     0.066  0.006272    0.1127       367       640    0.6942    0.3954    0.4351    0.2088   0.03933   0.06953  0.006951
   120/199     3.19G   0.04037   0.06565  0.006268    0.1123       426       640    0.6907    0.3973     0.435    0.2091   0.03933   0.06953  0.006954
   121/199     3.19G   0.04036   0.06566   0.00626    0.1123       394       640    0.6892    0.3987    0.4361    0.2093   0.03933   0.06952  0.006955
   122/199     3.19G   0.04035   0.06571  0.006235    0.1123       547       640    0.6938    0.3968    0.4361    0.2093   0.03932   0.06952  0.006956
   123/199     3.19G   0.04023   0.06574  0.006105    0.1121       569       640    0.6529    0.4119    0.4354    0.2091   0.03932   0.06952  0.006958
   124/199     3.19G    0.0402   0.06535   0.00613    0.1117       512       640    0.6319    0.4196    0.4354    0.2093   0.03932   0.06953   0.00696
   125/199     3.19G   0.04022   0.06582  0.006118    0.1122       366       640    0.6735    0.4015     0.435    0.2092   0.03931   0.06952  0.006962
   126/199     3.19G   0.04016   0.06578  0.006146    0.1121       492       640    0.6522    0.4113     0.435     0.209   0.03931   0.06953  0.006964
   127/199     3.19G   0.04008   0.06558  0.006139    0.1118       477       640    0.6866    0.3962    0.4351    0.2089   0.03931   0.06953  0.006965
   128/199     3.19G    0.0401   0.06535  0.006068    0.1115       426       640    0.6837    0.3976     0.435     0.209    0.0393   0.06953  0.006968
   129/199     3.19G   0.04012   0.06531  0.006089    0.1115       556       640    0.6812     0.398    0.4348    0.2087    0.0393   0.06954   0.00697
   130/199     3.19G   0.03999   0.06545  0.006002    0.1114       328       640    0.6788     0.399     0.435     0.209    0.0393   0.06954  0.006974
   131/199     3.19G   0.03997   0.06517  0.005973    0.1111       519       640     0.679    0.3973    0.4335     0.209    0.0393   0.06955  0.006979
   132/199     3.19G   0.03999   0.06524  0.005997    0.1112       491       640    0.6774    0.3982    0.4339    0.2091   0.03929   0.06955  0.006982
   133/199     3.19G   0.04002   0.06524   0.00597    0.1112       543       640    0.6447     0.413    0.4353    0.2093   0.03929   0.06956  0.006986
   134/199     3.19G   0.03988   0.06471  0.005952    0.1105       470       640    0.6673    0.4036    0.4355    0.2093   0.03929   0.06956  0.006992
   135/199     3.19G   0.03984   0.06519  0.005926     0.111       496       640    0.6555    0.4091    0.4357    0.2095   0.03929   0.06957  0.006996
   136/199     3.19G   0.03973   0.06504  0.005926    0.1107       409       640    0.6592    0.4066    0.4357    0.2095   0.03928   0.06957  0.006999
   137/199     3.19G   0.03979   0.06493  0.005898    0.1106       443       640    0.6531     0.409    0.4357    0.2094   0.03928   0.06957  0.007006
   138/199     3.19G    0.0398   0.06485  0.005881    0.1105       457       640    0.6561    0.4076    0.4359    0.2097   0.03928   0.06958  0.007013
   139/199     3.19G   0.03977   0.06467  0.005849    0.1103       385       640    0.6612    0.4029    0.4347    0.2096   0.03928   0.06958  0.007017
   140/199     3.19G   0.03975   0.06494  0.005822    0.1105       537       640      0.67    0.4013    0.4357    0.2097   0.03928   0.06958  0.007022
   141/199     3.19G   0.03973   0.06521  0.005843    0.1108       336       640    0.6751    0.3992    0.4358    0.2098   0.03927   0.06959  0.007025
   142/199     3.19G   0.03965   0.06441   0.00585    0.1099       512       640    0.6692    0.4033     0.436    0.2097   0.03927    0.0696  0.007027
   143/199     3.19G   0.03963   0.06477  0.005784    0.1102       428       640    0.6695     0.402    0.4359      0.21   0.03927    0.0696   0.00703
   144/199     3.19G    0.0396   0.06473  0.005771    0.1101       367       640    0.6579    0.4068    0.4359    0.2099   0.03927    0.0696  0.007034
   145/199     3.19G   0.03963   0.06445  0.005759    0.1098       427       640    0.6714    0.4008    0.4357    0.2099   0.03927   0.06961  0.007037
   146/199     3.19G    0.0396   0.06462  0.005758      0.11       364       640    0.6496     0.411    0.4359    0.2099   0.03926   0.06962  0.007043
   147/199     3.19G   0.03953   0.06449  0.005706    0.1097       344       640    0.6514    0.4099    0.4359    0.2101   0.03926   0.06963  0.007047
   148/199     3.19G    0.0395    0.0649  0.005718    0.1101       316       640    0.6494    0.4105    0.4362    0.2101   0.03926   0.06963   0.00705
   149/199     3.19G    0.0394   0.06412  0.005668    0.1092       477       640      0.64    0.4141    0.4368    0.2103   0.03926   0.06964  0.007055
   150/199     3.19G   0.03944   0.06409  0.005636    0.1092       519       640    0.6369    0.4138    0.4346    0.2104   0.03926   0.06965  0.007058
   151/199     3.19G   0.03943   0.06437  0.005593    0.1094       463       640    0.6437    0.4115    0.4348    0.2103   0.03926   0.06965  0.007062
   152/199     3.19G   0.03939   0.06462  0.005596    0.1096       457       640    0.6459    0.4112    0.4351    0.2106   0.03926   0.06966  0.007065
   153/199     3.19G   0.03934   0.06442  0.005573    0.1093       396       640    0.6707    0.4033    0.4356    0.2105   0.03926   0.06967  0.007071
   154/199     3.19G    0.0393   0.06404  0.005569    0.1089       560       640    0.6446    0.4116    0.4356    0.2108   0.03926   0.06967  0.007076
   155/199     3.19G   0.03939   0.06432   0.00563    0.1093       610       640    0.6914    0.3909    0.4352    0.2107   0.03926   0.06968  0.007079
   156/199     3.19G    0.0392   0.06379  0.005585    0.1086       484       640    0.6439    0.4115    0.4351    0.2104   0.03926   0.06969  0.007084
   157/199     3.19G   0.03932   0.06412   0.00556     0.109       567       640    0.6432    0.4121    0.4352    0.2103   0.03926    0.0697  0.007089
   158/199     3.19G   0.03923   0.06412  0.005532    0.1089       539       640    0.6421    0.4118    0.4351      0.21   0.03927   0.06972  0.007096
   159/199     3.19G   0.03917   0.06377  0.005543    0.1085       597       640    0.6553     0.408    0.4354    0.2101   0.03927   0.06973  0.007102
   160/199     3.19G   0.03908   0.06407  0.005473    0.1086       460       640    0.6575    0.4078    0.4357    0.2103   0.03927   0.06974  0.007107
   161/199     3.19G   0.03917   0.06387  0.005504    0.1085       581       640    0.6462    0.4109    0.4359    0.2105   0.03927   0.06976  0.007112
   162/199     3.19G   0.03896   0.06359  0.005379    0.1079       520       640    0.6597    0.4071    0.4362    0.2104   0.03927   0.06977  0.007118
   163/199     3.19G   0.03907   0.06404  0.005423    0.1085       420       640     0.659    0.4075    0.4365    0.2106   0.03927   0.06978  0.007124
   164/199     3.19G   0.03906   0.06407  0.005458    0.1086       513       640    0.6522    0.4083    0.4363    0.2107   0.03927   0.06979  0.007132
   165/199     3.19G   0.03908   0.06388  0.005459    0.1084       455       640    0.6516    0.4094    0.4372    0.2106   0.03927   0.06981   0.00714
   166/199     3.19G   0.03903   0.06365  0.005405    0.1081       396       640     0.647    0.4102    0.4369    0.2105   0.03927   0.06982  0.007146
   167/199     3.19G   0.03899   0.06362  0.005384     0.108       574       640    0.6446    0.4108     0.437    0.2106   0.03927   0.06984  0.007153
   168/199     3.19G   0.03894   0.06348  0.005391    0.1078       478       640    0.6848    0.3969    0.4377    0.2104   0.03927   0.06985   0.00716
   169/199     3.19G   0.03902   0.06364  0.005399    0.1081       472       640    0.6861    0.3967    0.4371    0.2105   0.03927   0.06986  0.007165
   170/199     3.19G   0.03898   0.06321  0.005337    0.1075       656       640    0.6857    0.3963     0.437    0.2106   0.03928   0.06988  0.007171
   171/199     3.19G   0.03889    0.0633  0.005279    0.1075       470       640    0.6737    0.4005     0.437    0.2105   0.03928    0.0699  0.007178
   172/199     3.19G   0.03883    0.0635  0.005279    0.1076       426       640    0.6406    0.4124    0.4353    0.2104   0.03928   0.06991  0.007186
   173/199     3.19G   0.03891   0.06339  0.005311    0.1076       404       640    0.6386    0.4136    0.4353    0.2106   0.03928   0.06993  0.007193
   174/199     3.19G   0.03884   0.06344   0.00532    0.1076       388       640    0.6494    0.4097    0.4359    0.2106   0.03928   0.06994  0.007201
   175/199     3.19G   0.03883   0.06303  0.005268    0.1071       431       640    0.6392    0.4146     0.436    0.2105   0.03928   0.06996   0.00721
   176/199     3.19G   0.03875   0.06313  0.005204    0.1071       543       640    0.6515    0.4088    0.4364    0.2105   0.03928   0.06998  0.007218
   177/199     3.19G   0.03875   0.06322  0.005216    0.1072       512       640    0.6545    0.4095    0.4364    0.2107   0.03928      0.07  0.007227
   178/199     3.19G   0.03874   0.06303  0.005232     0.107       485       640    0.6511    0.4088    0.4361    0.2107   0.03928   0.07002  0.007234
   179/199     3.19G   0.03869   0.06297   0.00516    0.1068       451       640    0.6512    0.4073    0.4359    0.2107   0.03929   0.07004  0.007242
   180/199     3.19G   0.03867   0.06322  0.005209    0.1071       369       640    0.6392    0.4139     0.436    0.2106   0.03929   0.07006   0.00725
   181/199     3.19G   0.03867   0.06296  0.005171    0.1068       576       640    0.6748    0.3978    0.4358    0.2106   0.03929   0.07008  0.007258
   182/199     3.19G    0.0386   0.06292   0.00519    0.1067       523       640     0.647    0.4107    0.4358    0.2106   0.03929    0.0701  0.007267
   183/199     3.19G   0.03871   0.06321  0.005146    0.1071       444       640     0.643    0.4131    0.4367    0.2106   0.03929   0.07012  0.007276
   184/199     3.19G   0.03866   0.06281  0.005177    0.1066       413       640    0.6439    0.4129    0.4365    0.2104   0.03929   0.07014  0.007286
   185/199     3.19G   0.03855   0.06262  0.005205    0.1064       496       640    0.6436    0.4129    0.4364    0.2103    0.0393   0.07016  0.007295
   186/199     3.19G   0.03854    0.0628  0.005076    0.1064       598       640    0.6601    0.4057    0.4366    0.2106    0.0393   0.07017  0.007305
   187/199     3.19G   0.03867   0.06267  0.005153    0.1065       394       640    0.6625    0.4056    0.4366    0.2106    0.0393    0.0702  0.007313
   188/199     3.19G   0.03857     0.063   0.00512    0.1067       478       640    0.6653    0.4049    0.4369    0.2107    0.0393   0.07021  0.007321
   189/199     3.19G   0.03854   0.06297  0.005127    0.1066       528       640    0.6627    0.4055    0.4369     0.211    0.0393   0.07023   0.00733
   190/199     3.19G   0.03854   0.06263  0.005134    0.1063       690       640    0.6695    0.4042    0.4368     0.211   0.03931   0.07025  0.007339
   191/199     3.19G   0.03858   0.06283  0.005117    0.1065       527       640     0.666    0.4046    0.4371     0.211   0.03931   0.07026  0.007347
   192/199     3.19G   0.03852   0.06252  0.005117    0.1062       270       640    0.6783    0.3992    0.4373    0.2111   0.03931   0.07028  0.007355
   193/199     3.19G   0.03851    0.0628  0.005147    0.1065       443       640    0.6668    0.4047    0.4367     0.211   0.03931    0.0703  0.007365
   194/199     3.19G   0.03846   0.06244  0.005044    0.1059       384       640    0.6683    0.4051    0.4366    0.2112   0.03932   0.07032  0.007373
   195/199     3.19G   0.03852   0.06266  0.005086    0.1063       448       640    0.6768    0.4008    0.4362    0.2109   0.03932   0.07034  0.007384
   196/199     3.19G   0.03842   0.06258   0.00508    0.1061       507       640    0.6786    0.4013    0.4361    0.2109   0.03932   0.07036  0.007392
   197/199     3.19G   0.03841   0.06267  0.005064    0.1061       482       640    0.6784    0.4005    0.4357    0.2108   0.03933   0.07038  0.007401
   198/199     3.19G   0.03842   0.06229  0.005082    0.1058       417       640    0.6717    0.4033    0.4356    0.2108   0.03933   0.07041  0.007408
   199/199     3.19G   0.03839    0.0623   0.00503    0.1057       616       640    0.6721    0.4025    0.4356    0.2106   0.03934   0.07043  0.007414
